1 0.50546875 0.45078125 0.03671875 0.084375
0 0.440625 0.65078125 0.0515625 0.028125
0 0.246875 0.55234375 0.028125 0.01640625
0 0.1984375 0.50234375 0.0296875 0.01640625
0 0.0234375 0.540625 0.028125 0.0125
0 0.634375 0.61484375 0.03515625 0.01953125
0 0.64453125 0.60234375 0.03359375 0.021875
0 0.79140625 0.59609375 0.03515625 0.01875
0 0.728125 0.58046875 0.03359375 0.021875
0 0.8 0.56015625 0.021875 0.01484375
0 0.81015625 0.5359375 0.02421875 0.01328125
0 0.71875 0.53359375 0.0296875 0.015625
0 0.775 0.496875 0.0203125 0.01484375
0 0.459375 0.453125 0.01875 0.01640625